(0,0,0) 1.0
(1,0,0) -1.0
(2,0,1) 0
(2,0,2) 0
(2,0,3) 0
(2,0,4) 0
(2,0,5) 0
(2,0,6) 0
(2,0,7) 0
(2,0,8) 0
(2,0,9) 0
(2,0,10) 0
(2,1,1) -0.3062816964285714
(2,1,2) -0.38072163461538455
(2,1,3) 6.985294117647106e-05
(2,1,4) 0.16366544117647058
(2,1,5) -0.011985060975609755
(2,1,6) -0.3863363782051281
(2,1,7) -0.28913798076923075
(2,1,8) -0.1238392857142857
(2,1,9) -0.30776856617647064
(2,1,10) -0.28858888888888923
(3,0,1) 0
(3,0,2) 0
(3,0,3) 0
(3,0,4) 0
(3,0,5) 0
(3,0,6) 0
(3,0,7) 0
(3,0,8) 0
(3,0,9) 0
(3,0,10) 0
(3,1,1) -0.5325046875000002
(3,1,2) -0.23535670731707317
(3,1,3) -0.021214527027027023
(3,1,4) -0.04750143072289158
(3,1,5) -0.12233948863636374
(3,1,6) -0.2368987341772152
(3,1,7) -0.24860174418604652
(3,1,8) -0.3221763621794872
(3,1,9) -0.3776589285714285
(3,1,10) -0.4262705882352952
(4,0,1) -0.5390322265624998
(4,0,2) -0.20347272727272728
(4,0,3) -0.4512499999999999
(4,0,4) -0.3933630859374999
(4,0,5) -0.32505383522727266
(4,0,6) -0.2772959453125
(4,0,7) -0.06896604166666667
(4,0,8) -0.4475332854729729
(4,0,9) -0.4714375
(4,0,10) -0.5521626008064519
(4,1,1) -0.9273809523809537
(4,1,2) -0.8395348837209314
(4,1,3) -0.4965909090909093
(4,1,4) -0.7792134831460684
(4,1,5) -0.8038461538461548
(4,1,6) -0.8085106382978735
(4,1,7) -0.7434782608695663
(4,1,8) -0.8685714285714295
(4,1,9) -0.8550000000000011
(4,1,10) -0.8826975476839181
(5,0,1) -0.6297341480654766
(5,0,2) -0.3595545898437501
(5,0,3) -0.404509413580247
(5,0,4) -0.24734516666666664
(5,0,5) -0.4236711771844663
(5,0,6) -0.2741014713541667
(5,0,7) -0.44222500000000003
(5,0,8) -0.40205691287878803
(5,0,9) -0.5182049512987013
(5,0,10) -0.5222198056640632
(5,1,1) -0.864606741573035
(5,1,2) -0.47500000000000026
(5,1,3) -0.5391891891891892
(5,1,4) -0.309782608695652
(5,1,5) -0.586170212765958
(5,1,6) -0.6660919540229892
(5,1,7) -0.6887500000000006
(5,1,8) -0.7365168539325851
(5,1,9) -0.6084269662921353
(5,1,10) -0.7628358208955186
(6,0,1) -0.6053548700221244
(6,0,2) -0.37622044057377085
(6,0,3) -0.32309879201680697
(6,0,4) -0.2389351259689923
(6,0,5) -0.2297272727272727
(6,0,6) -0.44608665865384645
(6,0,7) -0.39603620609504203
(6,0,8) -0.41075126050420196
(6,0,9) -0.47210609243697527
(6,0,10) -0.5076560159491706
(6,1,1) -0.8420454545454558
(6,1,2) -0.47500000000000026
(6,1,3) -0.4433333333333334
(6,1,4) -0.4037499999999998
(6,1,5) -0.47952380952380985
(6,1,6) -0.5870786516853937
(6,1,7) -0.7561224489795929
(6,1,8) -0.5350574712643681
(6,1,9) -0.7074468085106392
(6,1,10) -0.6272602739726001
(7,0,1) -0.6062558121019119
(7,0,2) -0.19800152343750002
(7,0,3) -0.3238987056213023
(7,0,4) -0.12142669221698107
(7,0,5) -0.16678017676767687
(7,0,6) -0.3249504189944139
(7,0,7) -0.2871697615606942
(7,0,8) -0.32583766233766265
(7,0,9) -0.5085742462225286
(7,0,10) -0.48626611171259737
(7,1,1) -0.725268817204302
(7,1,2) -0.41304347826086957
(7,1,3) -0.2089999999999999
(7,1,4) -0.17190476190476184
(7,1,5) -0.36150442477876116
(7,1,6) -0.2293103448275861
(7,1,7) -0.4843137254901964
(7,1,8) -0.4893939393939397
(7,1,9) -0.41976744186046505
(7,1,10) -0.5053191489361689
(8,0,1) -0.6277356562500015
(8,0,2) -0.23168867187500022
(8,0,3) -0.12106733774038461
(8,0,4) -0.19911136363636364
(8,0,5) -0.06908076036866359
(8,0,6) -0.1793574734042554
(8,0,7) -0.1871091096698114
(8,0,8) -0.27312443452380997
(8,0,9) -0.4037493716931223
(8,0,10) -0.3713179339264866
(8,1,1) -0.48510638297872366
(8,1,2) -0.030645161290322576
(8,1,3) 0.20151515151515142
(8,1,4) 0.1452941176470588
(8,1,5) 0.19752475247524745
(8,1,6) 0.24010989010989
(8,1,7) 0.3699999999999999
(8,1,8) -0.13571428571428568
(8,1,9) -0.3760416666666666
(8,1,10) -0.3851351351351349
(9,0,1) -0.5006558697718645
(9,0,2) -0.012839592161016947
(9,0,3) -0.022017239583333334
(9,0,4) -0.039257126798561165
(9,0,5) -0.06912329545454546
(9,0,6) -0.13048645833333322
(9,0,7) -0.008196751136363652
(9,0,8) -0.16962259241245145
(9,0,9) -0.20378706808943123
(9,0,10) -0.37556356182465356
(9,1,1) -0.33192771084337336
(9,1,2) 0.24819819819819808
(9,1,3) 0.3043689320388348
(9,1,4) 0.29907407407407394
(9,1,5) 0.4172897196261684
(9,1,6) 0.3623711340206185
(9,1,7) 0.4336956521739131
(9,1,8) 0.4656862745098042
(9,1,9) -0.1404347826086956
(9,1,10) -0.13013698630137
(10,0,1) -0.29656389776357894
(10,0,2) 0.01872003038194446
(10,0,3) 0.10139423076923075
(10,0,4) 0.029922966609589038
(10,0,5) 0.05886473484848483
(10,0,6) 0.09119098597359734
(10,0,7) 0.04799447949526812
(10,0,8) 0.023509877760252394
(10,0,9) 0.05417986963190183
(10,0,10) -0.21201830708661473
(10,1,1) 0.10145631067961164
(10,1,2) 0.5320000000000005
(10,1,3) 0.5166666666666672
(10,1,4) 0.5981481481481489
(10,1,5) 0.583333333333334
(10,1,6) 0.5101851851851856
(10,1,7) 0.4528037383177573
(10,1,8) 0.6364077669902921
(10,1,9) 0.7074468085106392
(10,1,10) 0.10311778290993076
(11,0,1) -0.33541002038043566
(11,0,2) 0.043241583541147044
(11,0,3) 0.18250467846820834
(11,0,4) 0.13063180515759318
(11,0,5) 0.1789783291457289
(11,0,6) 0.12200604838709676
(11,0,7) 0.18110489369501492
(11,0,8) 0.09619021946564871
(11,0,9) -0.06799113924050644
(11,0,10) -0.0935719868249844
(11,1,1) 0
(11,1,2) 0
(11,1,3) 0
(11,1,4) 0
(11,1,5) 0
(11,1,6) 0
(11,1,7) 0
(11,1,8) 0
(11,1,9) 0
(11,1,10) 0
(12,0,1) -0.5941220279720226
(12,0,2) -0.3670785566298336
(12,0,3) -0.31862443693693654
(12,0,4) -0.346223299319727
(12,0,5) -0.2833755411255404
(12,0,6) -0.3208847656249992
(12,0,7) -0.339856622998544
(12,0,8) -0.37956425070027905
(12,0,9) -0.4421290607344608
(12,0,10) -0.4895951699618474
(12,1,1) 0
(12,1,2) 0
(12,1,3) 0
(12,1,4) 0
(12,1,5) 0
(12,1,6) 0
(12,1,7) 0
(12,1,8) 0
(12,1,9) 0
(12,1,10) 0
(13,0,1) -0.6777266576454599
(13,0,2) -0.4257383241758221
(13,0,3) -0.37814102564102453
(13,0,4) -0.3417342657342647
(13,0,5) -0.31304698457222874
(13,0,6) -0.34322580645161205
(13,0,7) -0.41962707182320236
(13,0,8) -0.41738363892806585
(13,0,9) -0.48900983146067156
(13,0,10) -0.5457247363048675
(13,1,1) 0
(13,1,2) 0
(13,1,3) 0
(13,1,4) 0
(13,1,5) 0
(13,1,6) 0
(13,1,7) 0
(13,1,8) 0
(13,1,9) 0
(13,1,10) 0
(14,0,1) -0.9135616438356208
(14,0,2) -0.6999321573948385
(14,0,3) -0.6110071942445996
(14,0,4) -0.7892101551480931
(14,0,5) -0.8058035714285672
(14,0,6) -0.8319060773480664
(14,0,7) -0.8176342525399103
(14,0,8) -0.8089635854341721
(14,0,9) -0.8005617977528069
(14,0,10) -0.8549022968803509
(14,1,1) 0
(14,1,2) 0
(14,1,3) 0
(14,1,4) 0
(14,1,5) 0
(14,1,6) 0
(14,1,7) 0
(14,1,8) 0
(14,1,9) 0
(14,1,10) 0
(15,0,1) -0.8623919308357347
(15,0,2) -0.5335616438356126
(15,0,3) -0.5345403899721409
(15,0,4) -0.429300291545187
(15,0,5) -0.7589080459770065
(15,0,6) -0.7230474732006067
(15,0,7) -0.7528050490883548
(15,0,8) -0.7518571428571378
(15,0,9) -0.7394736842105218
(15,0,10) -0.7591473938557266
(15,1,1) 0
(15,1,2) 0
(15,1,3) 0
(15,1,4) 0
(15,1,5) 0
(15,1,6) 0
(15,1,7) 0
(15,1,8) 0
(15,1,9) 0
(15,1,10) 0
(16,0,1) -0.8153092006033139
(16,0,2) -0.48463768115941713
(16,0,3) -0.3746676514032478
(16,0,4) -0.38558823529411573
(16,0,5) -0.33257456828885285
(16,0,6) -0.5504815409309755
(16,0,7) -0.5539358600583051
(16,0,8) -0.672374429223739
(16,0,9) -0.6338212634822756
(16,0,10) -0.664259190493894
(16,1,1) 0
(16,1,2) 0
(16,1,3) 0
(16,1,4) 0
(16,1,5) 0
(16,1,6) 0
(16,1,7) 0
(16,1,8) 0
(16,1,9) 0
(16,1,10) 0
(17,0,1) -0.759999999999994
(17,0,2) -0.24629629629629637
(17,0,3) -0.23325203252032534
(17,0,4) -0.1748756218905476
(17,0,5) -0.20326251896813383
(17,0,6) -0.1699066874027997
(17,0,7) -0.5003333333333304
(17,0,8) -0.49437194127242773
(17,0,9) -0.5156298600311009
(17,0,10) -0.5521367521367674
(17,1,1) 0
(17,1,2) 0
(17,1,3) 0
(17,1,4) 0
(17,1,5) 0
(17,1,6) 0
(17,1,7) 0
(17,1,8) 0
(17,1,9) 0
(17,1,10) 0
(18,0,1) -0.5033219761499119
(18,0,2) -0.059581881533101025
(18,0,3) -0.03684654300168633
(18,0,4) 0.07620320855614976
(18,0,5) 0.076510067114094
(18,0,6) 0.18932980599647303
(18,0,7) 0.22325769854132924
(18,0,8) -0.2897163120567373
(18,0,9) -0.2551236749116609
(18,0,10) -0.34242294520548355
(18,1,1) 0
(18,1,2) 0
(18,1,3) 0
(18,1,4) 0
(18,1,5) 0
(18,1,6) 0
(18,1,7) 0
(18,1,8) 0
(18,1,9) 0
(18,1,10) 0
(19,0,1) -0.30917159763313595
(19,0,2) 0.23080985915492996
(19,0,3) 0.2940900562851781
(19,0,4) 0.28598615916954984
(19,0,5) 0.29584775086505144
(19,0,6) 0.3765454545454533
(19,0,7) 0.5129277566539897
(19,0,8) 0.43212389380530775
(19,0,9) 0.019
(19,0,10) -0.11064965197215727
(19,1,1) 0
(19,1,2) 0
(19,1,3) 0
(19,1,4) 0
(19,1,5) 0
(19,1,6) 0
(19,1,7) 0
(19,1,8) 0
(19,1,9) 0
(19,1,10) 0
(20,0,1) 0.02482185273159144
(20,0,2) 0.48318025258323394
(20,0,3) 0.5077586206896514
(20,0,4) 0.4511583011582981
(20,0,5) 0.574662576687112
(20,0,6) 0.5419168591223975
(20,0,7) 0.6213763702801409
(20,0,8) 0.7078215527230597
(20,0,9) 0.5929078014184348
(20,0,10) 0.10310077519379776
(20,1,1) 0
(20,1,2) 0
(20,1,3) 0
(20,1,4) 0
(20,1,5) 0
(20,1,6) 0
(20,1,7) 0
(20,1,8) 0
(20,1,9) 0
(20,1,10) 0

(0,0,0) 257
(1,0,0) 10
(2,0,1) 0
(2,0,2) 0
(2,0,3) 0
(2,0,4) 0
(2,0,5) 0
(2,0,6) 0
(2,0,7) 0
(2,0,8) 0
(2,0,9) 0
(2,0,10) 0
(2,1,1) 4
(2,1,2) 1
(2,1,3) 3
(2,1,4) 2
(2,1,5) 1
(2,1,6) 4
(2,1,7) 5
(2,1,8) 1
(2,1,9) 5
(2,1,10) 15
(3,0,1) 0
(3,0,2) 0
(3,0,3) 0
(3,0,4) 0
(3,0,5) 0
(3,0,6) 0
(3,0,7) 0
(3,0,8) 0
(3,0,9) 0
(3,0,10) 0
(3,1,1) 6
(3,1,2) 5
(3,1,3) 5
(3,1,4) 7
(3,1,5) 6
(3,1,6) 6
(3,1,7) 3
(3,1,8) 8
(3,1,9) 4
(3,1,10) 17
(4,0,1) 2
(4,0,2) 3
(4,0,3) 2
(4,0,4) 2
(4,0,5) 1
(4,0,6) 2
(4,0,7) 0
(4,0,8) 1
(4,0,9) 6
(4,0,10) 13
(4,1,1) 2
(4,1,2) 3
(4,1,3) 7
(4,1,4) 1
(4,1,5) 5
(4,1,6) 2
(4,1,7) 8
(4,1,8) 5
(4,1,9) 6
(4,1,10) 26
(5,0,1) 10
(5,0,2) 8
(5,0,3) 3
(5,0,4) 6
(5,0,5) 5
(5,0,6) 4
(5,0,7) 6
(5,0,8) 5
(5,0,9) 5
(5,0,10) 16
(5,1,1) 4
(5,1,2) 3
(5,1,3) 3
(5,1,4) 2
(5,1,5) 10
(5,1,6) 4
(5,1,7) 10
(5,1,8) 10
(5,1,9) 1
(5,1,10) 24
(6,0,1) 11
(6,0,2) 14
(6,0,3) 6
(6,0,4) 8
(6,0,5) 8
(6,0,6) 5
(6,0,7) 9
(6,0,8) 7
(6,0,9) 10
(6,0,10) 32
(6,1,1) 4
(6,1,2) 11
(6,1,3) 8
(6,1,4) 3
(6,1,5) 6
(6,1,6) 5
(6,1,7) 5
(6,1,8) 6
(6,1,9) 8
(6,1,10) 19
(7,0,1) 17
(7,0,2) 12
(7,0,3) 7
(7,0,4) 15
(7,0,5) 7
(7,0,6) 15
(7,0,7) 13
(7,0,8) 15
(7,0,9) 12
(7,0,10) 48
(7,1,1) 5
(7,1,2) 5
(7,1,3) 5
(7,1,4) 2
(7,1,5) 10
(7,1,6) 6
(7,1,7) 3
(7,1,8) 8
(7,1,9) 3
(7,1,10) 16
(8,0,1) 17
(8,0,2) 12
(8,0,3) 8
(8,0,4) 23
(8,0,5) 15
(8,0,6) 14
(8,0,7) 17
(8,0,8) 10
(8,0,9) 20
(8,0,10) 53
(8,1,1) 5
(8,1,2) 6
(8,1,3) 2
(8,1,4) 3
(8,1,5) 6
(8,1,6) 4
(8,1,7) 4
(8,1,8) 11
(8,1,9) 3
(8,1,10) 24
(9,0,1) 21
(9,0,2) 13
(9,0,3) 14
(9,0,4) 13
(9,0,5) 17
(9,0,6) 17
(9,0,7) 19
(9,0,8) 19
(9,0,9) 20
(9,0,10) 55
(9,1,1) 5
(9,1,2) 0
(9,1,3) 8
(9,1,4) 7
(9,1,5) 5
(9,1,6) 8
(9,1,7) 10
(9,1,8) 10
(9,1,9) 6
(9,1,10) 22
(10,0,1) 23
(10,0,2) 25
(10,0,3) 19
(10,0,4) 18
(10,0,5) 15
(10,0,6) 19
(10,0,7) 20
(10,0,8) 19
(10,0,9) 22
(10,0,10) 80
(10,1,1) 5
(10,1,2) 4
(10,1,3) 5
(10,1,4) 5
(10,1,5) 3
(10,1,6) 5
(10,1,7) 5
(10,1,8) 9
(10,1,9) 9
(10,1,10) 23
(11,0,1) 22
(11,0,2) 28
(11,0,3) 23
(11,0,4) 20
(11,0,5) 23
(11,0,6) 24
(11,0,7) 20
(11,0,8) 22
(11,0,9) 19
(11,0,10) 84
(11,1,1) 0
(11,1,2) 0
(11,1,3) 0
(11,1,4) 0
(11,1,5) 0
(11,1,6) 0
(11,1,7) 0
(11,1,8) 0
(11,1,9) 0
(11,1,10) 0
(12,0,1) 34
(12,0,2) 41
(12,0,3) 49
(12,0,4) 40
(12,0,5) 34
(12,0,6) 49
(12,0,7) 24
(12,0,8) 47
(12,0,9) 37
(12,0,10) 158
(12,1,1) 0
(12,1,2) 0
(12,1,3) 0
(12,1,4) 0
(12,1,5) 0
(12,1,6) 0
(12,1,7) 0
(12,1,8) 0
(12,1,9) 0
(12,1,10) 0
(13,0,1) 35
(13,0,2) 29
(13,0,3) 28
(13,0,4) 29
(13,0,5) 32
(13,0,6) 40
(13,0,7) 31
(13,0,8) 43
(13,0,9) 33
(13,0,10) 166
(13,1,1) 0
(13,1,2) 0
(13,1,3) 0
(13,1,4) 0
(13,1,5) 0
(13,1,6) 0
(13,1,7) 0
(13,1,8) 0
(13,1,9) 0
(13,1,10) 0
(14,0,1) 32
(14,0,2) 39
(14,0,3) 35
(14,0,4) 36
(14,0,5) 33
(14,0,6) 34
(14,0,7) 42
(14,0,8) 33
(14,0,9) 29
(14,0,10) 148
(14,1,1) 0
(14,1,2) 0
(14,1,3) 0
(14,1,4) 0
(14,1,5) 0
(14,1,6) 0
(14,1,7) 0
(14,1,8) 0
(14,1,9) 0
(14,1,10) 0
(15,0,1) 34
(15,0,2) 24
(15,0,3) 18
(15,0,4) 31
(15,0,5) 28
(15,0,6) 30
(15,0,7) 27
(15,0,8) 23
(15,0,9) 37
(15,0,10) 124
(15,1,1) 0
(15,1,2) 0
(15,1,3) 0
(15,1,4) 0
(15,1,5) 0
(15,1,6) 0
(15,1,7) 0
(15,1,8) 0
(15,1,9) 0
(15,1,10) 0
(16,0,1) 33
(16,0,2) 23
(16,0,3) 35
(16,0,4) 41
(16,0,5) 22
(16,0,6) 22
(16,0,7) 33
(16,0,8) 30
(16,0,9) 26
(16,0,10) 132
(16,1,1) 0
(16,1,2) 0
(16,1,3) 0
(16,1,4) 0
(16,1,5) 0
(16,1,6) 0
(16,1,7) 0
(16,1,8) 0
(16,1,9) 0
(16,1,10) 0
(17,0,1) 21
(17,0,2) 29
(17,0,3) 15
(17,0,4) 29
(17,0,5) 17
(17,0,6) 28
(17,0,7) 17
(17,0,8) 27
(17,0,9) 32
(17,0,10) 121
(17,1,1) 0
(17,1,2) 0
(17,1,3) 0
(17,1,4) 0
(17,1,5) 0
(17,1,6) 0
(17,1,7) 0
(17,1,8) 0
(17,1,9) 0
(17,1,10) 0
(18,0,1) 24
(18,0,2) 21
(18,0,3) 18
(18,0,4) 23
(18,0,5) 26
(18,0,6) 28
(18,0,7) 21
(18,0,8) 26
(18,0,9) 21
(18,0,10) 107
(18,1,1) 0
(18,1,2) 0
(18,1,3) 0
(18,1,4) 0
(18,1,5) 0
(18,1,6) 0
(18,1,7) 0
(18,1,8) 0
(18,1,9) 0
(18,1,10) 0
(19,0,1) 19
(19,0,2) 27
(19,0,3) 27
(19,0,4) 18
(19,0,5) 13
(19,0,6) 22
(19,0,7) 17
(19,0,8) 23
(19,0,9) 22
(19,0,10) 86
(19,1,1) 0
(19,1,2) 0
(19,1,3) 0
(19,1,4) 0
(19,1,5) 0
(19,1,6) 0
(19,1,7) 0
(19,1,8) 0
(19,1,9) 0
(19,1,10) 0
(20,0,1) 42
(20,0,2) 45
(20,0,3) 40
(20,0,4) 48
(20,0,5) 39
(20,0,6) 34
(20,0,7) 59
(20,0,8) 44
(20,0,9) 52
(20,0,10) 175
(20,1,1) 0
(20,1,2) 0
(20,1,3) 0
(20,1,4) 0
(20,1,5) 0
(20,1,6) 0
(20,1,7) 0
(20,1,8) 0
(20,1,9) 0
(20,1,10) 0

(0,0,0) [0,0]
(1,0,0) [0,0]
(2,0,1) [0,0]
(2,0,2) [0,0]
(2,0,3) [0,0]
(2,0,4) [0,0]
(2,0,5) [0,0]
(2,0,6) [0,0]
(2,0,7) [0,0]
(2,0,8) [0,0]
(2,0,9) [0,0]
(2,0,10) [0,0]
(2,1,1) [0,0]
(2,1,2) [0,0]
(2,1,3) [0,0]
(2,1,4) [0,0]
(2,1,5) [0,0]
(2,1,6) [0,0]
(2,1,7) [0,0]
(2,1,8) [0,0]
(2,1,9) [0,0]
(2,1,10) [0,0]
(3,0,1) [0,0]
(3,0,2) [0,0]
(3,0,3) [0,0]
(3,0,4) [0,0]
(3,0,5) [0,0]
(3,0,6) [0,0]
(3,0,7) [0,0]
(3,0,8) [0,0]
(3,0,9) [0,0]
(3,0,10) [0,0]
(3,1,1) [0,0]
(3,1,2) [0,0]
(3,1,3) [0,0]
(3,1,4) [0,0]
(3,1,5) [0,0]
(3,1,6) [0,0]
(3,1,7) [0,0]
(3,1,8) [0,0]
(3,1,9) [0,0]
(3,1,10) [0,0]
(4,0,1) [0,0]
(4,0,2) [0,0]
(4,0,3) [0,0]
(4,0,4) [0,0]
(4,0,5) [0,0]
(4,0,6) [0,0]
(4,0,7) [0,0]
(4,0,8) [0,0]
(4,0,9) [0,0]
(4,0,10) [0,0]
(4,1,1) [0,0]
(4,1,2) [0,0]
(4,1,3) [0,0]
(4,1,4) [0,0]
(4,1,5) [0,0]
(4,1,6) [0,0]
(4,1,7) [0,0]
(4,1,8) [0,0]
(4,1,9) [0,0]
(4,1,10) [0,0]
(5,0,1) [0,0]
(5,0,2) [0,0]
(5,0,3) [0,0]
(5,0,4) [0,0]
(5,0,5) [0,0]
(5,0,6) [0,0]
(5,0,7) [0,0]
(5,0,8) [0,0]
(5,0,9) [0,0]
(5,0,10) [0,0]
(5,1,1) [0,0]
(5,1,2) [0,0]
(5,1,3) [0,0]
(5,1,4) [0,0]
(5,1,5) [0,0]
(5,1,6) [0,0]
(5,1,7) [0,0]
(5,1,8) [0,0]
(5,1,9) [0,0]
(5,1,10) [0,0]
(6,0,1) [0,0]
(6,0,2) [0,0]
(6,0,3) [0,0]
(6,0,4) [0,0]
(6,0,5) [0,0]
(6,0,6) [0,0]
(6,0,7) [0,0]
(6,0,8) [0,0]
(6,0,9) [0,0]
(6,0,10) [0,0]
(6,1,1) [0,0]
(6,1,2) [0,0]
(6,1,3) [0,0]
(6,1,4) [0,0]
(6,1,5) [0,0]
(6,1,6) [0,0]
(6,1,7) [0,0]
(6,1,8) [0,0]
(6,1,9) [0,0]
(6,1,10) [0,0]
(7,0,1) [0,0]
(7,0,2) [0,0]
(7,0,3) [0,0]
(7,0,4) [0,0]
(7,0,5) [0,0]
(7,0,6) [0,0]
(7,0,7) [0,0]
(7,0,8) [0,0]
(7,0,9) [0,0]
(7,0,10) [0,0]
(7,1,1) [0,0]
(7,1,2) [0,0]
(7,1,3) [0,0]
(7,1,4) [0,0]
(7,1,5) [0,0]
(7,1,6) [0,0]
(7,1,7) [0,0]
(7,1,8) [0,0]
(7,1,9) [0,0]
(7,1,10) [0,0]
(8,0,1) [0,0]
(8,0,2) [0,0]
(8,0,3) [0,0]
(8,0,4) [0,0]
(8,0,5) [0,0]
(8,0,6) [0,0]
(8,0,7) [0,0]
(8,0,8) [0,0]
(8,0,9) [0,0]
(8,0,10) [0,0]
(8,1,1) [0,0]
(8,1,2) [0,0]
(8,1,3) [0,0]
(8,1,4) [0,0]
(8,1,5) [0,0]
(8,1,6) [0,0]
(8,1,7) [0,0]
(8,1,8) [0,0]
(8,1,9) [0,0]
(8,1,10) [0,0]
(9,0,1) [0,0]
(9,0,2) [0,0]
(9,0,3) [0,0]
(9,0,4) [0,0]
(9,0,5) [0,0]
(9,0,6) [0,0]
(9,0,7) [0,0]
(9,0,8) [0,0]
(9,0,9) [0,0]
(9,0,10) [0,0]
(9,1,1) [0,0]
(9,1,2) [0,0]
(9,1,3) [0,0]
(9,1,4) [0,0]
(9,1,5) [0,0]
(9,1,6) [0,0]
(9,1,7) [0,0]
(9,1,8) [0,0]
(9,1,9) [0,0]
(9,1,10) [0,0]
(10,0,1) [0,0]
(10,0,2) [0,0]
(10,0,3) [0,0]
(10,0,4) [0,0]
(10,0,5) [0,0]
(10,0,6) [0,0]
(10,0,7) [0,0]
(10,0,8) [0,0]
(10,0,9) [0,0]
(10,0,10) [0,0]
(10,1,1) [0,0]
(10,1,2) [0,0]
(10,1,3) [0,0]
(10,1,4) [0,0]
(10,1,5) [0,0]
(10,1,6) [0,0]
(10,1,7) [0,0]
(10,1,8) [0,0]
(10,1,9) [0,0]
(10,1,10) [0,0]
(11,0,1) [0,0]
(11,0,2) [0,0]
(11,0,3) [0,0]
(11,0,4) [0,0]
(11,0,5) [0,0]
(11,0,6) [0,0]
(11,0,7) [0,0]
(11,0,8) [0,0]
(11,0,9) [0,0]
(11,0,10) [0,0]
(11,1,1) [0,0]
(11,1,2) [0,0]
(11,1,3) [0,0]
(11,1,4) [0,0]
(11,1,5) [0,0]
(11,1,6) [0,0]
(11,1,7) [0,0]
(11,1,8) [0,0]
(11,1,9) [0,0]
(11,1,10) [0,0]
(12,0,1) [0,0]
(12,0,2) [0,0]
(12,0,3) [0,0]
(12,0,4) [0,0]
(12,0,5) [0,0]
(12,0,6) [0,0]
(12,0,7) [0,0]
(12,0,8) [0,0]
(12,0,9) [0,0]
(12,0,10) [0,0]
(12,1,1) [0,0]
(12,1,2) [0,0]
(12,1,3) [0,0]
(12,1,4) [0,0]
(12,1,5) [0,0]
(12,1,6) [0,0]
(12,1,7) [0,0]
(12,1,8) [0,0]
(12,1,9) [0,0]
(12,1,10) [0,0]
(13,0,1) [0,0]
(13,0,2) [0,0]
(13,0,3) [0,0]
(13,0,4) [0,0]
(13,0,5) [0,0]
(13,0,6) [0,0]
(13,0,7) [0,0]
(13,0,8) [0,0]
(13,0,9) [0,0]
(13,0,10) [0,0]
(13,1,1) [0,0]
(13,1,2) [0,0]
(13,1,3) [0,0]
(13,1,4) [0,0]
(13,1,5) [0,0]
(13,1,6) [0,0]
(13,1,7) [0,0]
(13,1,8) [0,0]
(13,1,9) [0,0]
(13,1,10) [0,0]
(14,0,1) [0,0]
(14,0,2) [0,0]
(14,0,3) [0,0]
(14,0,4) [0,0]
(14,0,5) [0,0]
(14,0,6) [0,0]
(14,0,7) [0,0]
(14,0,8) [0,0]
(14,0,9) [0,0]
(14,0,10) [0,0]
(14,1,1) [0,0]
(14,1,2) [0,0]
(14,1,3) [0,0]
(14,1,4) [0,0]
(14,1,5) [0,0]
(14,1,6) [0,0]
(14,1,7) [0,0]
(14,1,8) [0,0]
(14,1,9) [0,0]
(14,1,10) [0,0]
(15,0,1) [0,0]
(15,0,2) [0,0]
(15,0,3) [0,0]
(15,0,4) [0,0]
(15,0,5) [0,0]
(15,0,6) [0,0]
(15,0,7) [0,0]
(15,0,8) [0,0]
(15,0,9) [0,0]
(15,0,10) [0,0]
(15,1,1) [0,0]
(15,1,2) [0,0]
(15,1,3) [0,0]
(15,1,4) [0,0]
(15,1,5) [0,0]
(15,1,6) [0,0]
(15,1,7) [0,0]
(15,1,8) [0,0]
(15,1,9) [0,0]
(15,1,10) [0,0]
(16,0,1) [0,0]
(16,0,2) [0,0]
(16,0,3) [0,0]
(16,0,4) [0,0]
(16,0,5) [0,0]
(16,0,6) [0,0]
(16,0,7) [0,0]
(16,0,8) [0,0]
(16,0,9) [0,0]
(16,0,10) [0,0]
(16,1,1) [0,0]
(16,1,2) [0,0]
(16,1,3) [0,0]
(16,1,4) [0,0]
(16,1,5) [0,0]
(16,1,6) [0,0]
(16,1,7) [0,0]
(16,1,8) [0,0]
(16,1,9) [0,0]
(16,1,10) [0,0]
(17,0,1) [0,0]
(17,0,2) [0,0]
(17,0,3) [0,0]
(17,0,4) [0,0]
(17,0,5) [0,0]
(17,0,6) [0,0]
(17,0,7) [0,0]
(17,0,8) [0,0]
(17,0,9) [0,0]
(17,0,10) [0,0]
(17,1,1) [0,0]
(17,1,2) [0,0]
(17,1,3) [0,0]
(17,1,4) [0,0]
(17,1,5) [0,0]
(17,1,6) [0,0]
(17,1,7) [0,0]
(17,1,8) [0,0]
(17,1,9) [0,0]
(17,1,10) [0,0]
(18,0,1) [0,0]
(18,0,2) [0,0]
(18,0,3) [0,0]
(18,0,4) [0,0]
(18,0,5) [0,0]
(18,0,6) [0,0]
(18,0,7) [0,0]
(18,0,8) [0,0]
(18,0,9) [0,0]
(18,0,10) [0,0]
(18,1,1) [0,0]
(18,1,2) [0,0]
(18,1,3) [0,0]
(18,1,4) [0,0]
(18,1,5) [0,0]
(18,1,6) [0,0]
(18,1,7) [0,0]
(18,1,8) [0,0]
(18,1,9) [0,0]
(18,1,10) [0,0]
(19,0,1) [0,0]
(19,0,2) [0,0]
(19,0,3) [0,0]
(19,0,4) [0,0]
(19,0,5) [0,0]
(19,0,6) [0,0]
(19,0,7) [0,0]
(19,0,8) [0,0]
(19,0,9) [0,0]
(19,0,10) [0,0]
(19,1,1) [0,0]
(19,1,2) [0,0]
(19,1,3) [0,0]
(19,1,4) [0,0]
(19,1,5) [0,0]
(19,1,6) [0,0]
(19,1,7) [0,0]
(19,1,8) [0,0]
(19,1,9) [0,0]
(19,1,10) [0,0]
(20,0,1) [0,0]
(20,0,2) [0,0]
(20,0,3) [0,0]
(20,0,4) [0,0]
(20,0,5) [0,0]
(20,0,6) [0,0]
(20,0,7) [0,0]
(20,0,8) [0,0]
(20,0,9) [0,0]
(20,0,10) [0,0]
(20,1,1) [0,0]
(20,1,2) [0,0]
(20,1,3) [0,0]
(20,1,4) [0,0]
(20,1,5) [0,0]
(20,1,6) [0,0]
(20,1,7) [0,0]
(20,1,8) [0,0]
(20,1,9) [0,0]
(20,1,10) [0,0]

(0,0,0) 30672.0
(1,0,0) -52428.0
(2,0,1) 0
(2,0,2) 0
(2,0,3) 0
(2,0,4) 0
(2,0,5) 0
(2,0,6) 0
(2,0,7) 0
(2,0,8) 0
(2,0,9) 0
(2,0,10) 0
(2,1,1) -8.575887499999999
(2,1,2) -14.848143749999997
(2,1,3) 0.002375000000000016
(2,1,4) 5.5646249999999995
(2,1,5) -0.4913875
(2,1,6) -15.067118749999997
(2,1,7) -11.276381249999998
(2,1,8) -3.4674999999999994
(2,1,9) -10.464131250000001
(2,1,10) -54.54330000000006
(3,0,1) 0
(3,0,2) 0
(3,0,3) 0
(3,0,4) 0
(3,0,5) 0
(3,0,6) 0
(3,0,7) 0
(3,0,8) 0
(3,0,9) 0
(3,0,10) 0
(3,1,1) -42.60037500000002
(3,1,2) -19.29925
(3,1,3) -1.5698749999999997
(3,1,4) -3.942618750000001
(3,1,5) -10.765875000000008
(3,1,6) -18.715
(3,1,7) -21.37975
(3,1,8) -25.12975625
(3,1,9) -26.436124999999997
(3,1,10) -144.93200000000036
(4,0,1) -17.249031249999994
(4,0,2) -6.7146
(4,0,3) -13.086249999999996
(4,0,4) -12.587618749999997
(4,0,5) -14.302368749999998
(4,0,6) -11.091837812500001
(4,0,7) -2.06898125
(4,0,8) -16.558731562499997
(4,0,9) -17.914625
(4,0,10) -68.46816250000003
(4,1,1) -77.90000000000012
(4,1,2) -72.2000000000001
(4,1,3) -43.70000000000002
(4,1,4) -69.3500000000001
(4,1,5) -62.700000000000074
(4,1,6) -76.00000000000011
(4,1,7) -68.40000000000009
(4,1,8) -60.80000000000007
(4,1,9) -68.40000000000009
(4,1,10) -323.94999999999794
(5,0,1) -52.89766843750003
(5,0,2) -23.011493750000007
(5,0,3) -32.765262500000006
(5,0,4) -18.550887499999998
(5,0,5) -43.63813125000003
(5,0,6) -19.7353059375
(5,0,7) -33.166875000000005
(5,0,8) -26.53575625000001
(5,0,9) -39.90178125
(5,0,10) -158.75482092187522
(5,1,1) -76.95000000000012
(5,1,2) -45.60000000000002
(5,1,3) -39.900000000000006
(5,1,4) -28.499999999999986
(5,1,5) -55.10000000000005
(5,1,6) -57.95000000000006
(5,1,7) -55.10000000000005
(5,1,8) -65.55000000000008
(5,1,9) -54.15000000000005
(5,1,10) -255.54999999999873
(6,0,1) -68.40510031250005
(6,0,2) -45.89889375000004
(6,0,3) -38.44875625000003
(6,0,4) -30.822631250000008
(6,0,5) -27.796999999999997
(6,0,6) -46.39301250000003
(6,0,7) -47.920380937500084
(6,0,8) -48.87940000000003
(6,0,9) -56.180625000000056
(6,0,10) -244.69019968750024
(6,1,1) -74.10000000000011
(6,1,2) -45.60000000000002
(6,1,3) -39.900000000000006
(6,1,4) -32.29999999999998
(6,1,5) -50.35000000000004
(6,1,6) -52.25000000000004
(6,1,7) -74.10000000000011
(6,1,8) -46.550000000000026
(6,1,9) -66.50000000000009
(6,1,10) -228.94999999999905
(7,0,1) -95.18216250000017
(7,0,2) -30.0962315625
(7,0,3) -54.738881250000084
(7,0,4) -19.30684406249999
(7,0,5) -33.02247500000002
(7,0,6) -58.166125000000086
(7,0,7) -49.68036875000009
(7,0,8) -50.179000000000045
(7,0,9) -92.56051281250019
(7,0,10) -308.77898093749934
(7,1,1) -67.45000000000009
(7,1,2) -38.0
(7,1,3) -20.89999999999999
(7,1,4) -18.049999999999994
(7,1,5) -40.85000000000001
(7,1,6) -19.949999999999992
(7,1,7) -49.400000000000034
(7,1,8) -48.45000000000003
(7,1,9) -36.099999999999994
(7,1,10) -189.99999999999952
(8,0,1) -119.26977468750029
(8,0,2) -51.89826250000005
(8,0,3) -25.18200625
(8,0,4) -41.614275
(8,0,5) -14.990525
(8,0,6) -42.14900625000002
(8,0,7) -39.66713125000002
(8,0,8) -57.35613125000009
(8,0,9) -76.30863125000012
(8,0,10) -318.219469374999
(8,1,1) -45.60000000000002
(8,1,2) -2.8499999999999996
(8,1,3) 19.949999999999992
(8,1,4) 12.349999999999998
(8,1,5) 19.949999999999992
(8,1,6) 21.84999999999999
(8,1,7) 35.14999999999999
(8,1,8) -13.299999999999997
(8,1,9) -36.099999999999994
(8,1,10) -156.74999999999991
(9,0,1) -131.67249375000037
(9,0,2) -3.0301437499999992
(9,0,3) -5.2841375
(9,0,4) -10.913481250000004
(9,0,5) -20.52961875
(9,0,6) -33.66550624999997
(9,0,7) -2.254106562500004
(9,0,8) -43.59300625000002
(9,0,9) -50.13161875000008
(9,0,10) -382.3237059374973
(9,1,1) -27.549999999999986
(9,1,2) 27.549999999999986
(9,1,3) 31.349999999999984
(9,1,4) 32.29999999999998
(9,1,5) 44.65000000000002
(9,1,6) 35.14999999999999
(9,1,7) 39.900000000000006
(9,1,8) 47.50000000000003
(9,1,9) -16.149999999999995
(9,1,10) -57.00000000000006
(10,0,1) -92.82450000000021
(10,0,2) 5.391368750000004
(10,0,3) 32.95312499999999
(10,0,4) 8.73750625
(10,0,5) 19.425362499999995
(10,0,6) 27.630868749999994
(10,0,7) 15.214249999999993
(10,0,8) 7.4526312500000085
(10,0,9) 17.662637499999995
(10,0,10) -269.2632500000007
(10,1,1) 10.45
(10,1,2) 53.200000000000045
(10,1,3) 58.90000000000006
(10,1,4) 64.60000000000008
(10,1,5) 66.50000000000009
(10,1,6) 55.10000000000005
(10,1,7) 48.45000000000003
(10,1,8) 65.55000000000008
(10,1,9) 66.50000000000009
(10,1,10) 44.65000000000002
(11,0,1) -123.43088750000032
(11,0,2) 17.339874999999964
(11,0,3) 63.14661875000008
(11,0,4) 45.59050000000002
(11,0,5) 71.2333750000001
(11,0,6) 45.38625
(11,0,7) 61.756768750000084
(11,0,8) 37.802756249999945
(11,0,9) -26.856500000000043
(11,0,10) -143.82014375000102
(11,1,1) 0
(11,1,2) 0
(11,1,3) 0
(11,1,4) 0
(11,1,5) 0
(11,1,6) 0
(11,1,7) 0
(11,1,8) 0
(11,1,9) 0
(11,1,10) 0
(12,0,1) -424.79724999999615
(12,0,2) -265.7648749999995
(12,0,3) -212.20387499999973
(12,0,4) -254.47412499999936
(12,0,5) -196.3792499999995
(12,0,6) -225.90287499999943
(12,0,7) -233.48149999999973
(12,0,8) -271.00887499999925
(12,0,9) -313.02737499999824
(12,0,10) -1411.502875000006
(12,1,1) 0
(12,1,2) 0
(12,1,3) 0
(12,1,4) 0
(12,1,5) 0
(12,1,6) 0
(12,1,7) 0
(12,1,8) 0
(12,1,9) 0
(12,1,10) 0
(13,0,1) -500.8399999999949
(13,0,2) -309.93749999999847
(13,0,3) -280.2024999999992
(13,0,4) -244.33999999999924
(13,0,5) -223.2024999999991
(13,0,6) -244.7199999999994
(13,0,7) -303.8099999999985
(13,0,8) -295.9249999999987
(13,0,9) -348.17499999999814
(13,0,10) -1603.8850000000057
(13,1,1) 0
(13,1,2) 0
(13,1,3) 0
(13,1,4) 0
(13,1,5) 0
(13,1,6) 0
(13,1,7) 0
(13,1,8) 0
(13,1,9) 0
(13,1,10) 0
(14,0,1) -666.9000000000032
(14,0,2) -515.8499999999959
(14,0,3) -424.64999999999674
(14,0,4) -559.549999999998
(14,0,5) -541.4999999999972
(14,0,6) -602.3000000000001
(14,0,7) -563.3499999999982
(14,0,8) -577.5999999999989
(14,0,9) -569.9999999999985
(14,0,10) -2493.7499999999836
(14,1,1) 0
(14,1,2) 0
(14,1,3) 0
(14,1,4) 0
(14,1,5) 0
(14,1,6) 0
(14,1,7) 0
(14,1,8) 0
(14,1,9) 0
(14,1,10) 0
(15,0,1) -598.4999999999999
(15,0,2) -389.49999999999716
(15,0,3) -383.7999999999972
(15,0,4) -294.4999999999983
(15,0,5) -528.1999999999965
(15,0,6) -472.14999999999617
(15,0,7) -536.7499999999969
(15,0,8) -526.2999999999964
(15,0,9) -533.8999999999968
(15,0,10) -2199.25000000004
(15,1,1) 0
(15,1,2) 0
(15,1,3) 0
(15,1,4) 0
(15,1,5) 0
(15,1,6) 0
(15,1,7) 0
(15,1,8) 0
(15,1,9) 0
(15,1,10) 0
(16,0,1) -540.5499999999971
(16,0,2) -334.3999999999978
(16,0,3) -253.64999999999876
(16,0,4) -262.1999999999987
(16,0,5) -211.84999999999926
(16,0,6) -342.9499999999977
(16,0,7) -379.99999999999727
(16,0,8) -441.74999999999653
(16,0,9) -411.3499999999969
(16,0,10) -1788.8500000000568
(16,1,1) 0
(16,1,2) 0
(16,1,3) 0
(16,1,4) 0
(16,1,5) 0
(16,1,6) 0
(16,1,7) 0
(16,1,8) 0
(16,1,9) 0
(16,1,10) 0
(17,0,1) -448.39999999999645
(17,0,2) -146.30000000000004
(17,0,3) -143.45000000000007
(17,0,4) -105.4500000000002
(17,0,5) -133.9500000000002
(17,0,6) -109.25000000000021
(17,0,7) -300.1999999999982
(17,0,8) -303.0499999999982
(17,0,9) -331.54999999999785
(17,0,10) -1421.2000000000392
(17,1,1) 0
(17,1,2) 0
(17,1,3) 0
(17,1,4) 0
(17,1,5) 0
(17,1,6) 0
(17,1,7) 0
(17,1,8) 0
(17,1,9) 0
(17,1,10) 0
(18,0,1) -295.4499999999983
(18,0,2) -34.19999999999999
(18,0,3) -21.84999999999999
(18,0,4) 42.750000000000014
(18,0,5) 45.60000000000002
(18,0,6) 107.35000000000021
(18,0,7) 137.75000000000014
(18,0,8) -163.39999999999984
(18,0,9) -144.40000000000006
(18,0,10) -799.9000000000095
(18,1,1) 0
(18,1,2) 0
(18,1,3) 0
(18,1,4) 0
(18,1,5) 0
(18,1,6) 0
(18,1,7) 0
(18,1,8) 0
(18,1,9) 0
(18,1,10) 0
(19,0,1) -156.74999999999991
(19,0,2) 131.10000000000022
(19,0,3) 156.74999999999991
(19,0,4) 165.2999999999998
(19,0,5) 170.99999999999974
(19,0,6) 207.0999999999993
(19,0,7) 269.7999999999986
(19,0,8) 244.14999999999887
(19,0,9) 9.5
(19,0,10) -238.44999999999894
(19,1,1) 0
(19,1,2) 0
(19,1,3) 0
(19,1,4) 0
(19,1,5) 0
(19,1,6) 0
(19,1,7) 0
(19,1,8) 0
(19,1,9) 0
(19,1,10) 0
(20,0,1) 20.89999999999999
(20,0,2) 420.8499999999968
(20,0,3) 412.2999999999969
(20,0,4) 350.5499999999976
(20,0,5) 468.3499999999962
(20,0,6) 469.2999999999962
(20,0,7) 510.1499999999957
(20,0,8) 610.8500000000005
(20,0,9) 501.5999999999958
(20,0,10) 345.7999999999977
(20,1,1) 0
(20,1,2) 0
(20,1,3) 0
(20,1,4) 0
(20,1,5) 0
(20,1,6) 0
(20,1,7) 0
(20,1,8) 0
(20,1,9) 0
(20,1,10) 0

(0,0,0) 30672
(1,0,0) 52428
(2,0,1) 0
(2,0,2) 0
(2,0,3) 0
(2,0,4) 0
(2,0,5) 0
(2,0,6) 0
(2,0,7) 0
(2,0,8) 0
(2,0,9) 0
(2,0,10) 0
(2,1,1) 28
(2,1,2) 39
(2,1,3) 34
(2,1,4) 34
(2,1,5) 41
(2,1,6) 39
(2,1,7) 39
(2,1,8) 28
(2,1,9) 34
(2,1,10) 189
(3,0,1) 0
(3,0,2) 0
(3,0,3) 0
(3,0,4) 0
(3,0,5) 0
(3,0,6) 0
(3,0,7) 0
(3,0,8) 0
(3,0,9) 0
(3,0,10) 0
(3,1,1) 80
(3,1,2) 82
(3,1,3) 74
(3,1,4) 83
(3,1,5) 88
(3,1,6) 79
(3,1,7) 86
(3,1,8) 78
(3,1,9) 70
(3,1,10) 340
(4,0,1) 32
(4,0,2) 33
(4,0,3) 29
(4,0,4) 32
(4,0,5) 44
(4,0,6) 40
(4,0,7) 30
(4,0,8) 37
(4,0,9) 38
(4,0,10) 124
(4,1,1) 84
(4,1,2) 86
(4,1,3) 88
(4,1,4) 89
(4,1,5) 78
(4,1,6) 94
(4,1,7) 92
(4,1,8) 70
(4,1,9) 80
(4,1,10) 367
(5,0,1) 84
(5,0,2) 64
(5,0,3) 81
(5,0,4) 75
(5,0,5) 103
(5,0,6) 72
(5,0,7) 75
(5,0,8) 66
(5,0,9) 77
(5,0,10) 304
(5,1,1) 89
(5,1,2) 96
(5,1,3) 74
(5,1,4) 92
(5,1,5) 94
(5,1,6) 87
(5,1,7) 80
(5,1,8) 89
(5,1,9) 89
(5,1,10) 335
(6,0,1) 113
(6,0,2) 122
(6,0,3) 119
(6,0,4) 129
(6,0,5) 121
(6,0,6) 104
(6,0,7) 121
(6,0,8) 119
(6,0,9) 119
(6,0,10) 482
(6,1,1) 88
(6,1,2) 96
(6,1,3) 90
(6,1,4) 80
(6,1,5) 105
(6,1,6) 89
(6,1,7) 98
(6,1,8) 87
(6,1,9) 94
(6,1,10) 365
(7,0,1) 157
(7,0,2) 152
(7,0,3) 169
(7,0,4) 159
(7,0,5) 198
(7,0,6) 179
(7,0,7) 173
(7,0,8) 154
(7,0,9) 182
(7,0,10) 635
(7,1,1) 93
(7,1,2) 92
(7,1,3) 100
(7,1,4) 105
(7,1,5) 113
(7,1,6) 87
(7,1,7) 102
(7,1,8) 99
(7,1,9) 86
(7,1,10) 376
(8,0,1) 190
(8,0,2) 224
(8,0,3) 208
(8,0,4) 209
(8,0,5) 217
(8,0,6) 235
(8,0,7) 212
(8,0,8) 210
(8,0,9) 189
(8,0,10) 857
(8,1,1) 94
(8,1,2) 93
(8,1,3) 99
(8,1,4) 85
(8,1,5) 101
(8,1,6) 91
(8,1,7) 95
(8,1,8) 98
(8,1,9) 96
(8,1,10) 407
(9,0,1) 263
(9,0,2) 236
(9,0,3) 240
(9,0,4) 278
(9,0,5) 297
(9,0,6) 258
(9,0,7) 275
(9,0,8) 257
(9,0,9) 246
(9,0,10) 1018
(9,1,1) 83
(9,1,2) 111
(9,1,3) 103
(9,1,4) 108
(9,1,5) 107
(9,1,6) 97
(9,1,7) 92
(9,1,8) 102
(9,1,9) 115
(9,1,10) 438
(10,0,1) 313
(10,0,2) 288
(10,0,3) 325
(10,0,4) 292
(10,0,5) 330
(10,0,6) 303
(10,0,7) 317
(10,0,8) 317
(10,0,9) 326
(10,0,10) 1270
(10,1,1) 103
(10,1,2) 100
(10,1,3) 114
(10,1,4) 108
(10,1,5) 114
(10,1,6) 108
(10,1,7) 107
(10,1,8) 103
(10,1,9) 94
(10,1,10) 433
(11,0,1) 368
(11,0,2) 401
(11,0,3) 346
(11,0,4) 349
(11,0,5) 398
(11,0,6) 372
(11,0,7) 341
(11,0,8) 393
(11,0,9) 395
(11,0,10) 1537
(11,1,1) 0
(11,1,2) 0
(11,1,3) 0
(11,1,4) 0
(11,1,5) 0
(11,1,6) 0
(11,1,7) 0
(11,1,8) 0
(11,1,9) 0
(11,1,10) 0
(12,0,1) 715
(12,0,2) 724
(12,0,3) 666
(12,0,4) 735
(12,0,5) 693
(12,0,6) 704
(12,0,7) 687
(12,0,8) 714
(12,0,9) 708
(12,0,10) 2883
(12,1,1) 0
(12,1,2) 0
(12,1,3) 0
(12,1,4) 0
(12,1,5) 0
(12,1,6) 0
(12,1,7) 0
(12,1,8) 0
(12,1,9) 0
(12,1,10) 0
(13,0,1) 739
(13,0,2) 728
(13,0,3) 741
(13,0,4) 715
(13,0,5) 713
(13,0,6) 713
(13,0,7) 724
(13,0,8) 709
(13,0,9) 712
(13,0,10) 2939
(13,1,1) 0
(13,1,2) 0
(13,1,3) 0
(13,1,4) 0
(13,1,5) 0
(13,1,6) 0
(13,1,7) 0
(13,1,8) 0
(13,1,9) 0
(13,1,10) 0
(14,0,1) 730
(14,0,2) 737
(14,0,3) 695
(14,0,4) 709
(14,0,5) 672
(14,0,6) 724
(14,0,7) 689
(14,0,8) 714
(14,0,9) 712
(14,0,10) 2917
(14,1,1) 0
(14,1,2) 0
(14,1,3) 0
(14,1,4) 0
(14,1,5) 0
(14,1,6) 0
(14,1,7) 0
(14,1,8) 0
(14,1,9) 0
(14,1,10) 0
(15,0,1) 694
(15,0,2) 730
(15,0,3) 718
(15,0,4) 686
(15,0,5) 696
(15,0,6) 653
(15,0,7) 713
(15,0,8) 700
(15,0,9) 722
(15,0,10) 2897
(15,1,1) 0
(15,1,2) 0
(15,1,3) 0
(15,1,4) 0
(15,1,5) 0
(15,1,6) 0
(15,1,7) 0
(15,1,8) 0
(15,1,9) 0
(15,1,10) 0
(16,0,1) 663
(16,0,2) 690
(16,0,3) 677
(16,0,4) 680
(16,0,5) 637
(16,0,6) 623
(16,0,7) 686
(16,0,8) 657
(16,0,9) 649
(16,0,10) 2693
(16,1,1) 0
(16,1,2) 0
(16,1,3) 0
(16,1,4) 0
(16,1,5) 0
(16,1,6) 0
(16,1,7) 0
(16,1,8) 0
(16,1,9) 0
(16,1,10) 0
(17,0,1) 590
(17,0,2) 594
(17,0,3) 615
(17,0,4) 603
(17,0,5) 659
(17,0,6) 643
(17,0,7) 600
(17,0,8) 613
(17,0,9) 643
(17,0,10) 2574
(17,1,1) 0
(17,1,2) 0
(17,1,3) 0
(17,1,4) 0
(17,1,5) 0
(17,1,6) 0
(17,1,7) 0
(17,1,8) 0
(17,1,9) 0
(17,1,10) 0
(18,0,1) 587
(18,0,2) 574
(18,0,3) 593
(18,0,4) 561
(18,0,5) 596
(18,0,6) 567
(18,0,7) 617
(18,0,8) 564
(18,0,9) 566
(18,0,10) 2336
(18,1,1) 0
(18,1,2) 0
(18,1,3) 0
(18,1,4) 0
(18,1,5) 0
(18,1,6) 0
(18,1,7) 0
(18,1,8) 0
(18,1,9) 0
(18,1,10) 0
(19,0,1) 507
(19,0,2) 568
(19,0,3) 533
(19,0,4) 578
(19,0,5) 578
(19,0,6) 550
(19,0,7) 526
(19,0,8) 565
(19,0,9) 500
(19,0,10) 2155
(19,1,1) 0
(19,1,2) 0
(19,1,3) 0
(19,1,4) 0
(19,1,5) 0
(19,1,6) 0
(19,1,7) 0
(19,1,8) 0
(19,1,9) 0
(19,1,10) 0
(20,0,1) 842
(20,0,2) 871
(20,0,3) 812
(20,0,4) 777
(20,0,5) 815
(20,0,6) 866
(20,0,7) 821
(20,0,8) 863
(20,0,9) 846
(20,0,10) 3354
(20,1,1) 0
(20,1,2) 0
(20,1,3) 0
(20,1,4) 0
(20,1,5) 0
(20,1,6) 0
(20,1,7) 0
(20,1,8) 0
(20,1,9) 0
(20,1,10) 0

(0,0,0) 257
(1,0,0) 10
(2,0,1) 0
(2,0,2) 0
(2,0,3) 0
(2,0,4) 0
(2,0,5) 0
(2,0,6) 0
(2,0,7) 0
(2,0,8) 0
(2,0,9) 0
(2,0,10) 0
(2,1,1) 4
(2,1,2) 1
(2,1,3) 3
(2,1,4) 2
(2,1,5) 1
(2,1,6) 4
(2,1,7) 5
(2,1,8) 1
(2,1,9) 5
(2,1,10) 15
(3,0,1) 0
(3,0,2) 0
(3,0,3) 0
(3,0,4) 0
(3,0,5) 0
(3,0,6) 0
(3,0,7) 0
(3,0,8) 0
(3,0,9) 0
(3,0,10) 0
(3,1,1) 6
(3,1,2) 5
(3,1,3) 5
(3,1,4) 7
(3,1,5) 6
(3,1,6) 6
(3,1,7) 3
(3,1,8) 8
(3,1,9) 4
(3,1,10) 17
(4,0,1) 2
(4,0,2) 3
(4,0,3) 2
(4,0,4) 2
(4,0,5) 1
(4,0,6) 2
(4,0,7) 0
(4,0,8) 1
(4,0,9) 6
(4,0,10) 13
(4,1,1) 2
(4,1,2) 3
(4,1,3) 7
(4,1,4) 1
(4,1,5) 5
(4,1,6) 2
(4,1,7) 8
(4,1,8) 5
(4,1,9) 6
(4,1,10) 26
(5,0,1) 10
(5,0,2) 8
(5,0,3) 3
(5,0,4) 6
(5,0,5) 5
(5,0,6) 4
(5,0,7) 6
(5,0,8) 5
(5,0,9) 5
(5,0,10) 16
(5,1,1) 4
(5,1,2) 3
(5,1,3) 3
(5,1,4) 2
(5,1,5) 10
(5,1,6) 4
(5,1,7) 10
(5,1,8) 10
(5,1,9) 1
(5,1,10) 24
(6,0,1) 11
(6,0,2) 14
(6,0,3) 6
(6,0,4) 8
(6,0,5) 8
(6,0,6) 5
(6,0,7) 9
(6,0,8) 7
(6,0,9) 10
(6,0,10) 32
(6,1,1) 4
(6,1,2) 11
(6,1,3) 8
(6,1,4) 3
(6,1,5) 6
(6,1,6) 5
(6,1,7) 5
(6,1,8) 6
(6,1,9) 8
(6,1,10) 19
(7,0,1) 17
(7,0,2) 12
(7,0,3) 7
(7,0,4) 15
(7,0,5) 7
(7,0,6) 15
(7,0,7) 13
(7,0,8) 15
(7,0,9) 12
(7,0,10) 48
(7,1,1) 5
(7,1,2) 5
(7,1,3) 5
(7,1,4) 2
(7,1,5) 10
(7,1,6) 6
(7,1,7) 3
(7,1,8) 8
(7,1,9) 3
(7,1,10) 16
(8,0,1) 17
(8,0,2) 12
(8,0,3) 8
(8,0,4) 23
(8,0,5) 15
(8,0,6) 14
(8,0,7) 17
(8,0,8) 10
(8,0,9) 20
(8,0,10) 53
(8,1,1) 5
(8,1,2) 6
(8,1,3) 2
(8,1,4) 3
(8,1,5) 6
(8,1,6) 4
(8,1,7) 4
(8,1,8) 11
(8,1,9) 3
(8,1,10) 24
(9,0,1) 21
(9,0,2) 13
(9,0,3) 14
(9,0,4) 13
(9,0,5) 17
(9,0,6) 17
(9,0,7) 19
(9,0,8) 19
(9,0,9) 20
(9,0,10) 55
(9,1,1) 5
(9,1,2) 0
(9,1,3) 8
(9,1,4) 7
(9,1,5) 5
(9,1,6) 8
(9,1,7) 10
(9,1,8) 10
(9,1,9) 6
(9,1,10) 22
(10,0,1) 23
(10,0,2) 25
(10,0,3) 19
(10,0,4) 18
(10,0,5) 15
(10,0,6) 19
(10,0,7) 20
(10,0,8) 19
(10,0,9) 22
(10,0,10) 80
(10,1,1) 5
(10,1,2) 4
(10,1,3) 5
(10,1,4) 5
(10,1,5) 3
(10,1,6) 5
(10,1,7) 5
(10,1,8) 9
(10,1,9) 9
(10,1,10) 23
(11,0,1) 22
(11,0,2) 28
(11,0,3) 23
(11,0,4) 20
(11,0,5) 23
(11,0,6) 24
(11,0,7) 20
(11,0,8) 22
(11,0,9) 19
(11,0,10) 84
(11,1,1) 0
(11,1,2) 0
(11,1,3) 0
(11,1,4) 0
(11,1,5) 0
(11,1,6) 0
(11,1,7) 0
(11,1,8) 0
(11,1,9) 0
(11,1,10) 0
(12,0,1) 34
(12,0,2) 41
(12,0,3) 49
(12,0,4) 40
(12,0,5) 34
(12,0,6) 49
(12,0,7) 24
(12,0,8) 47
(12,0,9) 37
(12,0,10) 158
(12,1,1) 0
(12,1,2) 0
(12,1,3) 0
(12,1,4) 0
(12,1,5) 0
(12,1,6) 0
(12,1,7) 0
(12,1,8) 0
(12,1,9) 0
(12,1,10) 0
(13,0,1) 35
(13,0,2) 29
(13,0,3) 28
(13,0,4) 29
(13,0,5) 32
(13,0,6) 40
(13,0,7) 31
(13,0,8) 43
(13,0,9) 33
(13,0,10) 166
(13,1,1) 0
(13,1,2) 0
(13,1,3) 0
(13,1,4) 0
(13,1,5) 0
(13,1,6) 0
(13,1,7) 0
(13,1,8) 0
(13,1,9) 0
(13,1,10) 0
(14,0,1) 32
(14,0,2) 39
(14,0,3) 35
(14,0,4) 36
(14,0,5) 33
(14,0,6) 34
(14,0,7) 42
(14,0,8) 33
(14,0,9) 29
(14,0,10) 148
(14,1,1) 0
(14,1,2) 0
(14,1,3) 0
(14,1,4) 0
(14,1,5) 0
(14,1,6) 0
(14,1,7) 0
(14,1,8) 0
(14,1,9) 0
(14,1,10) 0
(15,0,1) 34
(15,0,2) 24
(15,0,3) 18
(15,0,4) 31
(15,0,5) 28
(15,0,6) 30
(15,0,7) 27
(15,0,8) 23
(15,0,9) 37
(15,0,10) 124
(15,1,1) 0
(15,1,2) 0
(15,1,3) 0
(15,1,4) 0
(15,1,5) 0
(15,1,6) 0
(15,1,7) 0
(15,1,8) 0
(15,1,9) 0
(15,1,10) 0
(16,0,1) 33
(16,0,2) 23
(16,0,3) 35
(16,0,4) 41
(16,0,5) 22
(16,0,6) 22
(16,0,7) 33
(16,0,8) 30
(16,0,9) 26
(16,0,10) 132
(16,1,1) 0
(16,1,2) 0
(16,1,3) 0
(16,1,4) 0
(16,1,5) 0
(16,1,6) 0
(16,1,7) 0
(16,1,8) 0
(16,1,9) 0
(16,1,10) 0
(17,0,1) 21
(17,0,2) 29
(17,0,3) 15
(17,0,4) 29
(17,0,5) 17
(17,0,6) 28
(17,0,7) 17
(17,0,8) 27
(17,0,9) 32
(17,0,10) 121
(17,1,1) 0
(17,1,2) 0
(17,1,3) 0
(17,1,4) 0
(17,1,5) 0
(17,1,6) 0
(17,1,7) 0
(17,1,8) 0
(17,1,9) 0
(17,1,10) 0
(18,0,1) 24
(18,0,2) 21
(18,0,3) 18
(18,0,4) 23
(18,0,5) 26
(18,0,6) 28
(18,0,7) 21
(18,0,8) 26
(18,0,9) 21
(18,0,10) 107
(18,1,1) 0
(18,1,2) 0
(18,1,3) 0
(18,1,4) 0
(18,1,5) 0
(18,1,6) 0
(18,1,7) 0
(18,1,8) 0
(18,1,9) 0
(18,1,10) 0
(19,0,1) 19
(19,0,2) 27
(19,0,3) 27
(19,0,4) 18
(19,0,5) 13
(19,0,6) 22
(19,0,7) 17
(19,0,8) 23
(19,0,9) 22
(19,0,10) 86
(19,1,1) 0
(19,1,2) 0
(19,1,3) 0
(19,1,4) 0
(19,1,5) 0
(19,1,6) 0
(19,1,7) 0
(19,1,8) 0
(19,1,9) 0
(19,1,10) 0
(20,0,1) 42
(20,0,2) 45
(20,0,3) 40
(20,0,4) 48
(20,0,5) 39
(20,0,6) 34
(20,0,7) 59
(20,0,8) 44
(20,0,9) 52
(20,0,10) 175
(20,1,1) 0
(20,1,2) 0
(20,1,3) 0
(20,1,4) 0
(20,1,5) 0
(20,1,6) 0
(20,1,7) 0
(20,1,8) 0
(20,1,9) 0
(20,1,10) 0

(0,0,0) 0
(1,0,0) 0
(2,0,1) 0
(2,0,2) 0
(2,0,3) 0
(2,0,4) 0
(2,0,5) 0
(2,0,6) 0
(2,0,7) 0
(2,0,8) 0
(2,0,9) 0
(2,0,10) 0
(2,1,1) 0
(2,1,2) 0
(2,1,3) 0
(2,1,4) 0
(2,1,5) 0
(2,1,6) 0
(2,1,7) 0
(2,1,8) 0
(2,1,9) 0
(2,1,10) 0
(3,0,1) 0
(3,0,2) 0
(3,0,3) 0
(3,0,4) 0
(3,0,5) 0
(3,0,6) 0
(3,0,7) 0
(3,0,8) 0
(3,0,9) 0
(3,0,10) 0
(3,1,1) 0
(3,1,2) 0
(3,1,3) 0
(3,1,4) 0
(3,1,5) 0
(3,1,6) 0
(3,1,7) 0
(3,1,8) 0
(3,1,9) 0
(3,1,10) 0
(4,0,1) 0
(4,0,2) 0
(4,0,3) 0
(4,0,4) 0
(4,0,5) 0
(4,0,6) 0
(4,0,7) 0
(4,0,8) 0
(4,0,9) 0
(4,0,10) 0
(4,1,1) 0
(4,1,2) 0
(4,1,3) 0
(4,1,4) 0
(4,1,5) 0
(4,1,6) 0
(4,1,7) 0
(4,1,8) 0
(4,1,9) 0
(4,1,10) 0
(5,0,1) 0
(5,0,2) 0
(5,0,3) 0
(5,0,4) 0
(5,0,5) 0
(5,0,6) 0
(5,0,7) 0
(5,0,8) 0
(5,0,9) 0
(5,0,10) 0
(5,1,1) 0
(5,1,2) 0
(5,1,3) 0
(5,1,4) 0
(5,1,5) 0
(5,1,6) 0
(5,1,7) 0
(5,1,8) 0
(5,1,9) 0
(5,1,10) 0
(6,0,1) 0
(6,0,2) 0
(6,0,3) 0
(6,0,4) 0
(6,0,5) 0
(6,0,6) 0
(6,0,7) 0
(6,0,8) 0
(6,0,9) 0
(6,0,10) 0
(6,1,1) 0
(6,1,2) 0
(6,1,3) 0
(6,1,4) 0
(6,1,5) 0
(6,1,6) 0
(6,1,7) 0
(6,1,8) 0
(6,1,9) 0
(6,1,10) 0
(7,0,1) 0
(7,0,2) 0
(7,0,3) 0
(7,0,4) 0
(7,0,5) 0
(7,0,6) 0
(7,0,7) 0
(7,0,8) 0
(7,0,9) 0
(7,0,10) 0
(7,1,1) 0
(7,1,2) 0
(7,1,3) 0
(7,1,4) 0
(7,1,5) 0
(7,1,6) 0
(7,1,7) 0
(7,1,8) 0
(7,1,9) 0
(7,1,10) 0
(8,0,1) 0
(8,0,2) 0
(8,0,3) 0
(8,0,4) 0
(8,0,5) 0
(8,0,6) 0
(8,0,7) 0
(8,0,8) 0
(8,0,9) 0
(8,0,10) 0
(8,1,1) 0
(8,1,2) 0
(8,1,3) 0
(8,1,4) 0
(8,1,5) 0
(8,1,6) 0
(8,1,7) 0
(8,1,8) 0
(8,1,9) 0
(8,1,10) 0
(9,0,1) 0
(9,0,2) 0
(9,0,3) 0
(9,0,4) 0
(9,0,5) 0
(9,0,6) 0
(9,0,7) 0
(9,0,8) 0
(9,0,9) 0
(9,0,10) 0
(9,1,1) 0
(9,1,2) 0
(9,1,3) 0
(9,1,4) 0
(9,1,5) 0
(9,1,6) 0
(9,1,7) 0
(9,1,8) 0
(9,1,9) 0
(9,1,10) 0
(10,0,1) 0
(10,0,2) 0
(10,0,3) 0
(10,0,4) 0
(10,0,5) 0
(10,0,6) 0
(10,0,7) 0
(10,0,8) 0
(10,0,9) 0
(10,0,10) 0
(10,1,1) 0
(10,1,2) 0
(10,1,3) 0
(10,1,4) 0
(10,1,5) 0
(10,1,6) 0
(10,1,7) 0
(10,1,8) 0
(10,1,9) 0
(10,1,10) 0
(11,0,1) 0
(11,0,2) 0
(11,0,3) 0
(11,0,4) 0
(11,0,5) 0
(11,0,6) 0
(11,0,7) 0
(11,0,8) 0
(11,0,9) 0
(11,0,10) 0
(11,1,1) 0
(11,1,2) 0
(11,1,3) 0
(11,1,4) 0
(11,1,5) 0
(11,1,6) 0
(11,1,7) 0
(11,1,8) 0
(11,1,9) 0
(11,1,10) 0
(12,0,1) 0
(12,0,2) 0
(12,0,3) 0
(12,0,4) 0
(12,0,5) 0
(12,0,6) 0
(12,0,7) 0
(12,0,8) 0
(12,0,9) 0
(12,0,10) 0
(12,1,1) 0
(12,1,2) 0
(12,1,3) 0
(12,1,4) 0
(12,1,5) 0
(12,1,6) 0
(12,1,7) 0
(12,1,8) 0
(12,1,9) 0
(12,1,10) 0
(13,0,1) 0
(13,0,2) 0
(13,0,3) 0
(13,0,4) 0
(13,0,5) 0
(13,0,6) 0
(13,0,7) 0
(13,0,8) 0
(13,0,9) 0
(13,0,10) 0
(13,1,1) 0
(13,1,2) 0
(13,1,3) 0
(13,1,4) 0
(13,1,5) 0
(13,1,6) 0
(13,1,7) 0
(13,1,8) 0
(13,1,9) 0
(13,1,10) 0
(14,0,1) 0
(14,0,2) 0
(14,0,3) 0
(14,0,4) 0
(14,0,5) 0
(14,0,6) 0
(14,0,7) 0
(14,0,8) 0
(14,0,9) 0
(14,0,10) 0
(14,1,1) 0
(14,1,2) 0
(14,1,3) 0
(14,1,4) 0
(14,1,5) 0
(14,1,6) 0
(14,1,7) 0
(14,1,8) 0
(14,1,9) 0
(14,1,10) 0
(15,0,1) 0
(15,0,2) 0
(15,0,3) 0
(15,0,4) 0
(15,0,5) 0
(15,0,6) 0
(15,0,7) 0
(15,0,8) 0
(15,0,9) 0
(15,0,10) 0
(15,1,1) 0
(15,1,2) 0
(15,1,3) 0
(15,1,4) 0
(15,1,5) 0
(15,1,6) 0
(15,1,7) 0
(15,1,8) 0
(15,1,9) 0
(15,1,10) 0
(16,0,1) 0
(16,0,2) 0
(16,0,3) 0
(16,0,4) 0
(16,0,5) 0
(16,0,6) 0
(16,0,7) 0
(16,0,8) 0
(16,0,9) 0
(16,0,10) 0
(16,1,1) 0
(16,1,2) 0
(16,1,3) 0
(16,1,4) 0
(16,1,5) 0
(16,1,6) 0
(16,1,7) 0
(16,1,8) 0
(16,1,9) 0
(16,1,10) 0
(17,0,1) 0
(17,0,2) 0
(17,0,3) 0
(17,0,4) 0
(17,0,5) 0
(17,0,6) 0
(17,0,7) 0
(17,0,8) 0
(17,0,9) 0
(17,0,10) 0
(17,1,1) 0
(17,1,2) 0
(17,1,3) 0
(17,1,4) 0
(17,1,5) 0
(17,1,6) 0
(17,1,7) 0
(17,1,8) 0
(17,1,9) 0
(17,1,10) 0
(18,0,1) 0
(18,0,2) 0
(18,0,3) 0
(18,0,4) 0
(18,0,5) 0
(18,0,6) 0
(18,0,7) 0
(18,0,8) 0
(18,0,9) 0
(18,0,10) 0
(18,1,1) 0
(18,1,2) 0
(18,1,3) 0
(18,1,4) 0
(18,1,5) 0
(18,1,6) 0
(18,1,7) 0
(18,1,8) 0
(18,1,9) 0
(18,1,10) 0
(19,0,1) 0
(19,0,2) 0
(19,0,3) 0
(19,0,4) 0
(19,0,5) 0
(19,0,6) 0
(19,0,7) 0
(19,0,8) 0
(19,0,9) 0
(19,0,10) 0
(19,1,1) 0
(19,1,2) 0
(19,1,3) 0
(19,1,4) 0
(19,1,5) 0
(19,1,6) 0
(19,1,7) 0
(19,1,8) 0
(19,1,9) 0
(19,1,10) 0
(20,0,1) 0
(20,0,2) 0
(20,0,3) 0
(20,0,4) 0
(20,0,5) 0
(20,0,6) 0
(20,0,7) 0
(20,0,8) 0
(20,0,9) 0
(20,0,10) 0
(20,1,1) 0
(20,1,2) 0
(20,1,3) 0
(20,1,4) 0
(20,1,5) 0
(20,1,6) 0
(20,1,7) 0
(20,1,8) 0
(20,1,9) 0
(20,1,10) 0

